cam_model: ATAN
cam_width: 640
cam_height: 480
cam_fx: 0.672783
cam_fy: 0.896772
cam_cx: 0.494518
cam_cy: 0.501187
cam_d0: 0.908891